46
46
46
46
46
46
46
50
50
50
50
50
50
50
45
45
45
45
45
45
45
52
52
52
52
52
52
52
62
62
62
62
62
62
62
100
100
100
100
100
100
100
60
60
60
60
60
60
60
60
60
60
60
60
60
60
50
50
50
50
50
50
50
46
46
46
46
46
46
46
42
42
42
42
42
42
42
59
59
59
59
59
59
59
40
40
40
40
40
40
40
45
45
45
45
45
45
45
35
35
35
35
35
35
35
41
41
41
41
41
41
41
43
43
43
43
43
43
43
45
45
45
45
45
45
45
43
43
43
43
43
43
43
40
40
40
40
40
40
40
38
38
38
38
38
38
38
42
42
42
42
42
42
42
38
38
38
38
38
38
38
45
45
45
45
45
45
45
41
41
41
41
41
41
41
40
40
40
40
40
40
40
65
65
65
65
65
65
65
49
49
49
49
49
49
49
41
41
41
41
41
41
41
36
36
36
36
36
36
36
42
42
42
42
42
42
42
40
40
40
40
40
40
40
44
44
44
44
44
44
44
44
40
40
40
40
40
40
40
32
32
32
32
32
32
32
33
33
33
33
33
33
33
31
31
31
31
31
31
31
37
37
37
37
37
37
37
36
36
36
36
36
36
36
41
41
41
41
41
41
41
36
36
36
36
36
36
36
36
36
36
36
36
36
36
29
29
29
29
29
29
29
29
32
32
32
32
32
32
32
29
29
29
29
29
29
29
34
34
34
34
34
34
34
31
31
31
31
31
31
31
31
31
31
31
31
31
31
32
32
32
32
32
32
32
31
31
31
31
31
31
31
36
36
36
36
36
36
36
19
19
19
19
19
19
